6000
0
0

0000
0000
0000
0000
0000
0000
0000
0000
0000
0000
0000
0000
0000
0000
0000
0000

6011
1
1

0000
0001
0000
0000
0000
0000
0000
0000
0000
0000
0000
0000
0000
0000
0000
0000

6022
2
2

0000
0001
0002
0000
0000
0000
0000
0000
0000
0000
0000
0000
0000
0000
0000
0000

6033
3
3

0000
0001
0002
0003
0000
0000
0000
0000
0000
0000
0000
0000
0000
0000
0000
0000

6044
4
4

0000
0001
0002
0003
0004
0000
0000
0000
0000
0000
0000
0000
0000
0000
0000
0000

6055
5
5

0000
0001
0002
0003
0004
0005
0000
0000
0000
0000
0000
0000
0000
0000
0000
0000

6066
6
6

0000
0001
0002
0003
0004
0005
0006
0000
0000
0000
0000
0000
0000
0000
0000
0000

6077
7
7

0000
0001
0002
0003
0004
0005
0006
0007
0000
0000
0000
0000
0000
0000
0000
0000

6088
8
8

0000
0001
0002
0003
0004
0005
0006
0007
0008
0000
0000
0000
0000
0000
0000
0000

6099
9
9

0000
0001
0002
0003
0004
0005
0006
0007
0008
0009
0000
0000
0000
0000
0000
0000

60aa
10
10

0000
0001
0002
0003
0004
0005
0006
0007
0008
0009
000a
0000
0000
0000
0000
0000

60bb
11
11

0000
0001
0002
0003
0004
0005
0006
0007
0008
0009
000a
000b
0000
0000
0000
0000

60cc
12
12

0000
0001
0002
0003
0004
0005
0006
0007
0008
0009
000a
000b
000c
0000
0000
0000

60dd
13
13

0000
0001
0002
0003
0004
0005
0006
0007
0008
0009
000a
000b
000c
000d
0000
0000

60ee
14
14

0000
0001
0002
0003
0004
0005
0006
0007
0008
0009
000a
000b
000c
000d
000e
0000

60ff
15
15

0000
0001
0002
0003
0004
0005
0006
0007
0008
0009
000a
000b
000c
000d
000e
000f

0ec0
16
16

0000
0001
0002
0003
0004
0005
0006
0007
0008
0009
000a
000b
000c
000d
000e
000f

2704
17
17

0000
0001
0002
0003
0000
0005
0006
0007
0008
0009
000a
000b
000c
000d
000e
000f

217d
18
18

0000
0001
0002
0003
0000
0005
0006
0007
0008
0009
000a
000b
000c
0001
000e
000f

6a3b
19
19

0000
0001
0002
0003
0000
0005
0006
0007
0008
0009
000a
000d
000c
0001
000e
000f

33cb
20
20

0000
0001
0002
0003
0000
0005
0006
0007
0008
0009
000a
000f
000c
0001
000e
000f

1d7b
21
21

0000
0001
0002
0003
0000
0005
0006
0007
0008
0009
000a
fffa
000c
0001
000e
000f

26e6
22
22

0000
0001
0002
0003
0000
0005
0006
0007
0008
0009
000a
fffa
000c
0001
000e
000f

5385
23
23

0000
0001
0002
0003
0000
0018
0006
0007
0008
0009
000a
fffa
000c
0001
000e
000f

7583
24
24

0000
0001
0002
0008
0000
0018
0006
0007
0008
0009
000a
fffa
000c
0001
000e
000f

59f3
25
25

0000
0001
0002
0087
0000
0018
0006
0007
0008
0009
000a
fffa
000c
0001
000e
000f

4bc2
26
26

0000
0001
fff6
0087
0000
0018
0006
0007
0008
0009
000a
fffa
000c
0001
000e
000f

7e8c
27
27

0000
0001
fff6
0087
0000
0018
0006
0007
0008
0009
000a
fffa
0008
0001
000e
000f

5c87
28
28

0000
0001
fff6
0087
0000
0018
0006
0040
0008
0009
000a
fffa
0008
0001
000e
000f

4a2b
29
29

0000
0001
fff6
0087
0000
0018
0006
0040
0008
0009
000a
fffc
0008
0001
000e
000f

75f0
30
30

0000
0001
fff6
0087
0000
0018
0006
0040
0008
0009
000a
fffc
0008
0001
000e
000f

5b32
31
31

0000
0001
ffff
0087
0000
0018
0006
0040
0008
0009
000a
fffc
0008
0001
000e
000f

560b
32
32

0000
0001
ffff
0087
0000
0018
0006
0040
0008
0009
000a
0000
0008
0001
000e
000f

ac87
33
33

0000
0001
ffff
0087
0000
0018
0006
0000
0008
0009
000a
0000
0008
0001
000e
000f

9a95
34
34

0000
0001
ffff
0087
0000
1400
0006
0000
0008
0009
000a
0000
0008
0001
000e
000f

7df2
35
35

0000
0001
0001
0087
0000
1400
0006
0000
0008
0009
000a
0000
0008
0001
000e
000f

476b
36
36

0000
0001
0001
0087
0000
1400
0006
0000
0008
0009
000a
0006
0008
0001
000e
000f

565f
37
37

0000
0001
0001
0087
0000
1400
0006
0000
0008
0009
000a
0006
0008
0001
000e
7800

83c1
38
38

0000
008f
0001
0087
0000
1400
0006
0000
0008
0009
000a
0006
0008
0001
000e
7800

a81c
39
39

0000
008f
0001
0087
0000
1400
0006
0000
0008
0009
000a
0006
0004
0001
000e
7800

8d1b
40
40

0000
008f
0001
0087
0000
1400
0006
0000
0008
0009
000a
0001
0004
0001
000e
7800

26d4
41
41

0000
008f
0001
0087
0000
1400
0006
0000
0008
0009
000a
0001
0004
0001
000e
7800

981b
42
42

0000
008f
0001
0087
0000
1400
0006
0000
0008
0009
000a
0010
0004
0001
000e
7800

9bd8
43
43

0000
008f
0001
0087
0000
1400
0006
0000
0000
0009
000a
0010
0004
0001
000e
7800

0226
44
44

0000
008f
0001
0087
0000
1400
0002
0000
0000
0009
000a
0010
0004
0001
000e
7800

11d4
45
45

0000
008f
0001
0087
008e
1400
0002
0000
0000
0009
000a
0010
0004
0001
000e
7800

6781
46
46

0000
0008
0001
0087
008e
1400
0002
0000
0000
0009
000a
0010
0004
0001
000e
7800

4076
47
47

0000
0008
0001
0087
008e
1400
0000
0000
0000
0009
000a
0010
0004
0001
000e
7800

9c37
48
48

0000
0008
0001
0087
008e
1400
0000
0020
0000
0009
000a
0010
0004
0001
000e
7800

adb0
49
49

0000
0008
0001
0087
008e
1400
0000
0020
0000
0009
000a
0010
0004
0001
000e
7800

25b8
50
50

0000
0008
0001
0087
008e
1400
0000
0020
0000
0009
000a
0010
0004
0001
000e
7800

7d1d
51
51

0000
0008
0001
0087
008e
1400
0000
0020
0000
0009
000a
0010
0004
0001
000e
7800

002d
52
52

0000
0008
0001
0087
008e
1400
0000
0020
0000
0009
000a
0010
0004
0001
000e
7800

a178
53
53

0000
0008
0001
0087
008e
1400
0000
0020
0000
0009
000a
0010
0004
0001
000e
7800

39b3
54
54

0000
0008
0001
0019
008e
1400
0000
0020
0000
0009
000a
0010
0004
0001
000e
7800

255e
55
55

0000
0008
0001
0019
008e
1400
0000
0020
0000
0009
000a
0010
0004
0001
1400
7800

8acf
56
56

0000
0008
0001
0019
008e
1400
0000
0020
0000
0009
000a
0010
0004
0001
1400
000e

2365
57
57

0000
0008
0001
0019
008e
0000
0000
0020
0000
0009
000a
0010
0004
0001
1400
000e

7f7a
58
58

0000
0008
0001
0019
008e
0000
0000
0020
0000
0009
0006
0010
0004
0001
1400
000e

59e7
59
59

0000
0008
0001
0019
008e
0000
0000
b400
0000
0009
0006
0010
0004
0001
1400
000e

ac6f
60
60

0000
0008
0001
0019
008e
0000
0000
b400
0000
0009
0006
0010
0004
0001
1400
0000

19a1
61
61

0000
0003
0001
0019
008e
0000
0000
b400
0000
0009
0006
0010
0004
0001
1400
0000

4916
62
62

0000
0003
0001
0019
008e
0000
000a
b400
0000
0009
0006
0010
0004
0001
1400
0000

81a3
63
63

0000
0003
0001
000b
008e
0000
000a
b400
0000
0009
0006
0010
0004
0001
1400
0000

0e4b
64
64

0000
0003
0001
000b
008e
0000
000a
b400
0000
0009
0006
148e
0004
0001
1400
0000

678e
65
65

0000
0003
0001
000b
008e
0000
000a
b400
0000
0009
0006
148e
0004
0001
b408
0000

34dc
66
66

0000
0003
0001
000b
008e
0000
000a
b400
0000
0009
0006
148e
008f
0001
b408
0000

5030
67
67

0000
0003
0001
000b
008e
0000
000a
b400
0000
0009
0006
148e
008f
0001
b408
0000

91d6
68
68

0000
0003
0001
000b
008e
0000
6000
b400
0000
0009
0006
148e
008f
0001
b408
0000

4946
69
69

0000
0003
0001
000b
008e
0000
0087
b400
0000
0009
0006
148e
008f
0001
b408
0000

1be7
70
70

0000
0003
0001
000b
008e
0000
0087
6086
0000
0009
0006
148e
008f
0001
b408
0000

4412
71
71

0000
0003
008d
000b
008e
0000
0087
6086
0000
0009
0006
148e
008f
0001
b408
0000

01f1
72
72

0000
0003
008d
000b
008e
0000
0087
6086
0000
0009
0006
148e
008f
0001
b408
0000

0563
73
73

0000
0003
008d
0087
008e
0000
0087
6086
0000
0009
0006
148e
008f
0001
b408
0000

5f49
74
74

0000
0003
008d
0087
008e
0000
0087
6086
0000
0000
0006
148e
008f
0001
b408
0000

4854
75
75

0000
0003
008d
0087
0000
0000
0087
6086
0000
0000
0006
148e
008f
0001
b408
0000

03d3
76
76

0000
0003
008d
0088
0000
0000
0087
6086
0000
0000
0006
148e
008f
0001
b408
0000

4548
77
77

0000
0003
008d
0088
0000
0000
0087
6086
0000
0000
0006
148e
008f
0001
b408
0000

6ba3
78
78

0000
0003
008d
1498
0000
0000
0087
6086
0000
0000
0006
148e
008f
0001
b408
0000

48ec
79
79

0000
0003
008d
1498
0000
0000
0087
6086
0000
0000
0006
148e
b408
0001
b408
0000

9b89
80
80

0000
0003
008d
1498
0000
0000
0087
6086
0000
8e00
0006
148e
b408
0001
b408
0000

23ea
81
81

0000
0003
008d
1498
0000
0000
0087
6086
0000
8e00
1408
148e
b408
0001
b408
0000

53d4
82
82

0000
0003
008d
1498
1498
0000
0087
6086
0000
8e00
1408
148e
b408
0001
b408
0000

3e16
83
83

0000
0003
008d
1498
1498
0000
b40b
6086
0000
8e00
1408
148e
b408
0001
b408
0000

468e
84
84

0000
0003
008d
1498
1498
0000
b40b
6086
0000
8e00
1408
148e
b408
0001
b40b
0000

76c9
85
85

0000
0003
008d
1498
1498
0000
b40b
6086
0000
0008
1408
148e
b408
0001
b40b
0000

17bc
86
86

0000
0003
008d
1498
1498
0000
b40b
6086
0000
0008
1408
148e
4bf8
0001
b40b
0000

ab2a
87
87

0000
0003
008d
1498
1498
0000
b40b
6086
0000
0008
0523
148e
4bf8
0001
b40b
0000

8736
88
88

0000
0003
008d
1498
1498
0000
6087
6086
0000
0008
0523
148e
4bf8
0001
b40b
0000

5a7e
89
89

0000
0003
008d
1498
1498
0000
6087
6086
0000
0008
0523
148e
4bf8
0001
ffff
0000

8db2
90
90

0000
0003
000b
1498
1498
0000
6087
6086
0000
0008
0523
148e
4bf8
0001
ffff
0000

86af
91
91

0000
0003
000b
1498
1498
0000
6087
6086
0000
0008
0523
148e
4bf8
0001
ffff
608f

082f
92
92

0000
0003
000b
1498
1498
0000
6087
6086
0000
0008
0523
148e
4bf8
0001
ffff
000b

6cb1
93
93

0000
4c03
000b
1498
1498
0000
6087
6086
0000
0008
0523
148e
4bf8
0001
ffff
000b

692f
94
94

0000
4c03
000b
1498
1498
0000
6087
6086
0000
0008
0523
148e
4bf8
0001
ffff
000a

01ac
95
95

0000
4c03
000b
1498
1498
0000
6087
6086
0000
0008
0523
148e
5126
0001
ffff
000a

28c8
96
96

0000
4c03
000b
1498
1498
0000
6087
6086
0000
0008
0523
148e
5126
0001
ffff
000a

6779
97
97

0000
4c03
000b
1498
1498
0000
6087
6086
0000
608d
0523
148e
5126
0001
ffff
000a

2cbd
98
98

0000
4c03
000b
1498
1498
0000
6087
6086
0000
608d
0523
148e
5126
1006
ffff
000a

2898
99
99

0000
4c03
000b
1498
1498
0000
6087
6086
0000
608d
0523
148e
5126
1006
ffff
000a

44e5
100
100

0000
4c03
000b
1498
1498
eb67
6087
6086
0000
608d
0523
148e
5126
1006
ffff
000a

742e
101
101

0000
4c03
000b
1498
1498
eb67
6087
6086
0000
608d
0523
148e
5126
1006
0000
000a

3003
102
102

0000
4c03
000b
0000
1498
eb67
6087
6086
0000
608d
0523
148e
5126
1006
0000
000a

3675
103
103

0000
4c03
000b
0000
1498
6087
6087
6086
0000
608d
0523
148e
5126
1006
0000
000a

2427
104
104

0000
4c03
000b
0000
1498
6087
6087
0008
0000
608d
0523
148e
5126
1006
0000
000a

2994
105
105

0000
4c03
000b
0000
608d
6087
6087
0008
0000
608d
0523
148e
5126
1006
0000
000a

4249
106
106

0000
4c03
000b
0000
608d
6087
6087
0008
0000
6086
0523
148e
5126
1006
0000
000a

a63d
107
107

0000
4c03
000b
0000
608d
6087
6087
0008
0000
6086
0523
148e
5126
0c10
0000
000a

05a2
108
108

0000
4c03
65aa
0000
608d
6087
6087
0008
0000
6086
0523
148e
5126
0c10
0000
000a

2bc5
109
109

0000
4c03
65aa
0000
608d
1006
6087
0008
0000
6086
0523
148e
5126
0c10
0000
000a

4718
110
110

0000
4c03
65aa
0000
608d
1006
6087
0008
4c0b
6086
0523
148e
5126
0c10
0000
000a

7dc9
111
111

0000
4c03
65aa
0000
608d
1006
6087
0008
4c0b
0000
0523
148e
5126
0c10
0000
000a

70fd
112
112

0000
4c03
65aa
0000
608d
1006
6087
0008
4c0b
0000
0523
148e
5126
0000
0000
000a

5aa4
113
113

0000
4c03
65aa
0000
ffff
1006
6087
0008
4c0b
0000
0523
148e
5126
0000
0000
000a

54ba
114
114

0000
4c03
65aa
0000
ffff
1006
6087
0008
4c0b
0000
ffff
148e
5126
0000
0000
000a

5075
115
115

0000
4c03
65aa
0000
ffff
0000
6087
0008
4c0b
0000
ffff
148e
5126
0000
0000
000a

